0.00112 121 18.2
0.00146 108 17.2
0.00190 97.5 16.0
0.00247 93.5 20.1
0.00418 97.9 30.0
0.00543 98.2 30.8
0.01190 109 42.5
0.01550 112 41.8
0.02020 107 37.1
0.02620 99.6 21.6
0.03410 97.1 13.8
0.04430 104 24.4
0.05760 128 33.5
0.07480 137 25.8
0.09730 140 33.7
0.12600 145 46.9
0.16400 156 60.6
0.21400 214 67.7
0.27800 243 37.6
0.36100 249 19.9
0.47000 247 11.7
0.61000 240 12.1
0.79400 227 13.3
1.02000 216 2.98
1.12000 215 2.79
1.23000 213 6.83
1.36000 207 7.85
1.49000 204 6.00
1.64000 201 4.78
1.81000 200 3.49
1.99000 199 5.95
2.19000 196 7.22
2.40000 193 6.01
2.65000 192 4.33
2.91000 193 5.29
3.20000 197 7.79
3.52000 201 7.97
3.87000 207 10.1
4.26000 211 8.43
4.69000 209 6.87
5.15000 208 8.38
5.67000 208 12.0
6.24000 209 16.6
6.86000 207 13.0
7.55000 205 9.65
8.30000 200 15.8
9.13000 186 24.2
10.0000 182 35.2
11.0000 190 49.6
12.2000 192 49.9
13.4000 184 54.5
14.7000 189 64.7
18.5000 189 59.9
24.0000 182 70.6
31.2000 172 75.1
