0.29 241.68
0.52 242.67
0.82 226.67
1.10 214.93
1.30 210.32
1.51 203.26
1.74 201.01
1.97 199.71
2.17 196.65
2.32 193.97
2.44 192.61
2.57 191.40
2.70 191.84
2.82 192.93
2.94 192.51
3.06 192.54
3.19 197.59
3.30 200.61
3.42 200.16
3.54 199.11
3.65 200.92
3.77 204.13
3.89 208.48
4.01 215.06
4.13 217.24
4.25 212.75
4.36 210.44
4.47 211.66
4.58 207.17
4.70 204.11
4.82 206.15
4.93 209.06
5.04 209.52
5.15 207.55
5.23 211.21
5.29 209.96
5.35 207.53
5.46 204.40
5.57 207.26
5.67 215.69
5.78 215.79
5.88 208.23
5.97 210.75
6.06 213.56
6.13 213.48
6.19 220.51
6.25 216.21
6.31 205.33
6.36 212.06
6.42 212.21
6.51 208.97
6.61 206.99
6.71 209.96
6.79 209.73
6.87 208.78
6.96 207.64
7.06 208.47
7.14 207.82
7.19 205.32
7.24 205.39
7.31 205.23
7.37 206.20
7.42 206.49
7.49 203.74
7.55 203.77
7.60 203.62
7.66 203.36
7.72 203.73
7.78 204.03
7.82 211.67
7.87 213.32
7.91 209.25
7.95 209.51
7.97 207.16
7.99 204.59
8.01 203.53
8.04 199.22
8.10 199.03
8.21 201.96
8.34 198.44
8.43 197.99
8.53 191.27
8.68 189.27
8.81 187.69
8.98 182.83
9.16 178.79
9.29 179.66
9.37 181.14
9.42 181.99
9.45 184.83
9.50 185.04
9.56 179.10
9.61 185.30
9.71 208.25
9.97 228.97
10.22 194.57
10.35 183.12
10.44 186.06
10.53 178.75
10.71 191.94
10.91 207.40
11.10 217.91
11.28 186.57
11.46 188.82
11.66 231.29
11.85 235.53
12.01 190.23
12.23 185.46
12.46 180.64
12.68 189.61
12.95 201.44
13.35 191.58
13.72 179.32
14.22 184.34
15.03 207.32
15.81 248.18
16.57 230.35
18.33 191.50
20.43 213.57
25.23 230.27
42.43 179.24
67.82 181.69
91.23 161.62
194.41 113.94
